lr: 0.004, nz1: 10, nz2: 12
test_loss_mean: 0.036821428571428394
test_acc_mean: 0.6037857142857155
at time: 2023-08-25_23:32:11
