lr: 0.004, nz1: 10, nz2: 16, sgd: adam
test_loss_mean: 0.027593750000000083
test_acc_mean: 0.6259374999999986
at time: 2023-08-26_10:04:55
