lr: 0.004, nz1: 10, nz2: 14
test_loss_mean: 0.024781250000000032
test_acc_mean: 0.6138125000000019
at time: 2023-08-26_09:56:52
