lr: 0.005, layers_config: [[20, False, 0], [20, False, 0], [20, False, 0], [20, False, 0], [20, False, 0], [20, False, 0], [20, False, 0], [20, False, 0], [20, False, 0]]
test_loss_mean: 0.09972499999999952
test_acc_mean: 0.5075357142857138
at time: 2023-08-26_11:52:41
