lr: 0.003, nz1: 6, nz2: 8, do_rate: 0
test_loss_mean: 0.08611250000000005
test_acc_mean: 0.5380000000000001
at time: 2023-08-25_23:22:41
