lr: 0.004, nz1: 14, nz2: 12
test_loss_mean: 0.05682500000000022
test_acc_mean: 0.5891250000000015
at time: 2023-08-26_10:23:33
