lr: 0.003, nz1: 8, nz2: 8
test_loss_mean: 0.05013571428571405
test_acc_mean: 0.5956428571428577
at time: 2023-08-25_23:29:00
