lr: 0.004, nz1: 12, nz2: 12
test_loss_mean: 0.04049999999999984
test_acc_mean: 0.6134999999999993
at time: 2023-08-26_09:45:09
